<?xml version="1.0" standalone="no"?>
<!DOCTYPE svg PUBLIC "-//W3C//DTD SVG 20010904//EN"
 "http://www.w3.org/TR/2001/REC-SVG-20010904/DTD/svg10.dtd">
<svg version="1.0" xmlns="http://www.w3.org/2000/svg"
 width="860.000000pt" height="440.000000pt" viewBox="0 0 860.000000 440.000000"
 preserveAspectRatio="xMidYMid meet">

<g transform="translate(0.000000,440.000000) scale(0.100000,-0.100000)"
fill="#000000" stroke="none">
<path d="M3794 3316 c-59 -28 -116 -81 -142 -134 -41 -82 -43 -109 -40 -592
l3 -465 34 -63 c41 -76 94 -124 170 -154 55 -22 65 -23 545 -26 362 -2 496 0
518 9 44 18 124 112 143 168 27 83 21 179 -16 252 -26 52 -990 1001 -1032
1016 -54 19 -127 15 -183 -11z"/>
<path d="M2224 1322 c-6 -4 -63 -110 -127 -237 -103 -202 -115 -231 -102 -244
19 -19 29 -10 69 66 l31 58 140 3 140 2 33 -64 c35 -67 49 -80 73 -65 11 7
-10 56 -106 246 -66 130 -124 238 -130 240 -5 1 -15 -1 -21 -5z m65 -169 c78
-156 82 -143 -53 -143 -64 0 -116 2 -116 5 0 7 114 235 117 235 2 0 25 -44 52
-97z"/>
<path d="M6612 1320 c-89 -19 -142 -72 -142 -143 0 -72 61 -107 210 -122 96
-9 138 -23 156 -50 34 -52 -21 -111 -115 -122 -88 -10 -141 4 -184 49 -55 58
-96 44 -57 -19 29 -48 91 -75 181 -81 142 -8 239 49 239 141 0 85 -46 115
-199 129 -118 11 -150 22 -167 57 -30 58 25 104 132 109 84 5 119 -6 159 -48
46 -48 77 -11 35 42 -38 48 -158 76 -248 58z"/>
<path d="M2544 1305 c-12 -30 1 -319 15 -345 22 -41 74 -90 111 -107 52 -22
147 -20 195 5 98 50 115 95 115 302 l0 161 -22 -3 c-23 -3 -23 -6 -28 -163 -4
-136 -8 -165 -25 -194 -55 -94 -212 -98 -279 -8 -19 25 -21 44 -24 175 -1 81
-5 157 -7 170 -6 25 -42 31 -51 7z"/>
<path d="M3061 1311 c-8 -5 -11 -16 -8 -25 5 -12 26 -16 99 -18 l93 -3 0 -209
c0 -189 2 -210 18 -220 14 -9 20 -8 27 4 5 8 10 108 10 223 l0 207 95 0 c87 0
95 2 95 19 0 10 -7 22 -16 25 -25 9 -397 7 -413 -3z"/>
<path d="M3560 1080 c0 -152 4 -241 10 -241 34 -6 35 -3 40 101 l5 105 138 3
137 3 0 -99 c0 -75 4 -103 15 -112 31 -26 35 -1 35 241 l0 240 -22 -3 c-22 -3
-23 -7 -26 -115 l-3 -113 -139 0 -140 0 0 115 0 115 -25 0 -25 0 0 -240z"/>
<path d="M4078 1309 c-16 -9 -18 -31 -18 -227 0 -156 3 -221 12 -230 8 -8 64
-12 184 -12 143 0 173 3 178 15 10 27 -31 35 -178 35 l-146 0 0 80 0 79 153 3
c144 3 152 4 152 23 0 19 -8 20 -153 23 l-153 3 3 82 3 82 158 3 c146 2 157 4
157 21 0 10 -7 22 -16 25 -27 10 -318 6 -336 -5z"/>
<path d="M4546 1304 c-3 -9 -6 -116 -6 -239 0 -194 2 -224 16 -229 9 -3 20 -4
25 0 5 3 9 93 9 200 l0 195 146 -196 c131 -176 150 -196 173 -193 l26 3 0 235
c0 235 0 235 -22 238 -33 5 -37 -26 -30 -226 l7 -175 -151 202 c-148 196 -178
225 -193 185z"/>
<path d="M5070 1081 l0 -241 174 0 c178 0 211 7 171 37 -14 9 -57 13 -157 13
l-138 0 -2 213 c-3 211 -3 212 -25 215 l-23 3 0 -240z"/>
<path d="M5517 1307 c-16 -11 -17 -34 -15 -237 l3 -225 183 -3 c174 -2 182 -2
182 17 0 10 -7 22 -16 25 -9 3 -81 6 -160 6 l-144 0 0 80 0 80 149 0 c127 0
150 2 155 16 3 9 4 20 0 25 -3 5 -72 9 -155 9 l-149 0 0 85 0 85 160 0 c150 0
160 1 160 19 0 10 -7 22 -16 25 -31 12 -319 7 -337 -7z"/>
<path d="M5984 1307 c-2 -7 -3 -116 -2 -242 3 -222 4 -230 23 -230 19 0 20 8
25 194 l5 195 143 -191 c79 -105 149 -194 157 -197 8 -3 21 2 30 10 13 14 15
49 13 242 -3 226 -3 227 -25 230 -33 5 -37 -25 -30 -227 4 -136 3 -172 -6
-160 -7 8 -74 99 -151 202 -134 181 -167 213 -182 174z"/>
</g>
</svg>
